------------------------------------------------------------------------------------------------
@DATASET: abalone
@Folds  : 10
@STvers : ST_DWS_C_NEW_SELCTION_LABELLING
------------------------------------------------------------------------------------------------
		accura		error 		fmeasu		precis		recall		
------------------------------------------------------------------------------------------------
fold1:		22,2488%	77,7512%	 0,0948		 0,1005		 0,0897		
fold2:		25,1196%	74,8804%	 0,1379		 0,1349		 0,1412		
fold3:		20,0957%	79,9043%	 0,0983		 0,0968		 0,0999		
fold4:		22,9665%	77,0335%	 0,0947		 0,0978		 0,0918		
fold5:		17,7033%	82,2967%	 0,0846		 0,0814		 0,0882		
fold6:		20,3349%	79,6651%	 0,1011		 0,0969		 0,1057		
fold7:		25,8373%	74,1627%	 0,1245		 0,1250		 0,1240		
fold8:		25,8993%	74,1007%	 0,1055		 0,0946		 0,1192		
fold9:		21,3429%	78,6571%	 0,1088		 0,1258		 0,0958		
fold10:		23,5012%	76,4988%	 0,0816		 0,0749		 0,0895		

------------------------------------------------------------------------------------------------
AVERAG		22,5050%	77,4950%	 0,1032		 0,1029		 0,1045		
------------------------------------------------------------------------------------------------
------------------------------------------------------------------------------------------------
BEGIN: 	16/12/2021 08:29:25.075
END: 	16/12/2021 08:29:40.366

TIME ELAPSED:	15291
------------------------------------------------------------------------------------------------
------------------------------------------------------------------------------------------------
Labeled increment by iteration:
------------------------------------------------------------------------------------------------
[FOLD1]:	338	338	338	338	338	338	338	338	338	341	
[FOLD2]:	338	338	338	338	338	338	338	338	338	341	
[FOLD3]:	338	338	338	338	338	338	338	338	338	341	
[FOLD4]:	338	338	338	338	338	338	338	338	338	341	
[FOLD5]:	338	338	338	338	338	338	338	338	338	341	
[FOLD6]:	338	338	338	338	338	338	338	338	338	341	
[FOLD7]:	338	338	338	338	338	338	338	338	338	341	
[FOLD8]:	338	338	338	338	338	338	338	338	338	342	
[FOLD9]:	338	338	338	338	338	338	338	338	338	342	
[FOLD10]:	338	338	338	338	338	338	338	338	338	342	
------------------------------------------------------------------------------------------------
Label error by iteration:
------------------------------------------------------------------------------------------------
[FOLD1]:	0	0	0	0	0	0	0	0	0	0	
[FOLD2]:	0	0	0	0	0	0	0	0	0	0	
[FOLD3]:	0	0	0	0	0	0	0	0	0	0	
[FOLD4]:	0	0	0	0	0	0	0	0	0	0	
[FOLD5]:	0	0	0	0	0	0	0	0	0	0	
[FOLD6]:	0	0	0	0	0	0	0	0	0	0	
[FOLD7]:	0	0	0	0	0	0	0	0	0	0	
[FOLD8]:	0	0	0	0	0	0	0	0	0	0	
[FOLD9]:	0	0	0	0	0	0	0	0	0	0	
[FOLD10]:	0	0	0	0	0	0	0	0	0	0	

