------------------------------------------------------------------------------------------------
@DATASET: abalone
@Folds  : 10
@STvers : ST_DWS_C_NEW_SELCTION
------------------------------------------------------------------------------------------------
		accura		error 		fmeasu		precis		recall		
------------------------------------------------------------------------------------------------
fold1:		25,8373%	74,1627%	 0,1112		 0,1027		 0,1212		
fold2:		21,2919%	78,7081%	 0,1042		 0,1072		 0,1013		
fold3:		23,9234%	76,0766%	 0,0992		 0,1047		 0,0943		
fold4:		22,0096%	77,9904%	 0,0909		 0,0906		 0,0912		
fold5:		18,1818%	81,8182%	 0,0660		 0,0591		 0,0748		
fold6:		19,8565%	80,1435%	 0,0832		 0,0818		 0,0847		
fold7:		20,5742%	79,4258%	 0,1034		 0,1048		 0,1020		
fold8:		20,8633%	79,1367%	 0,0889		 0,0846		 0,0937		
fold9:		23,5012%	76,4988%	 0,0998		 0,0869		 0,1174		
fold10:		21,3429%	78,6571%	 0,1040		 0,1080		 0,1004		

------------------------------------------------------------------------------------------------
AVERAG		21,7382%	78,2618%	 0,0951		 0,0930		 0,0981		
------------------------------------------------------------------------------------------------
------------------------------------------------------------------------------------------------
BEGIN: 	16/12/2021 08:29:08.394
END: 	16/12/2021 08:29:25.024

TIME ELAPSED:	16630
------------------------------------------------------------------------------------------------
------------------------------------------------------------------------------------------------
Labeled increment by iteration:
------------------------------------------------------------------------------------------------
[FOLD1]:	338	338	338	338	338	338	338	338	338	341	
[FOLD2]:	338	338	338	338	338	338	338	338	338	341	
[FOLD3]:	338	338	338	338	338	338	338	338	338	341	
[FOLD4]:	338	338	338	338	338	338	338	338	338	341	
[FOLD5]:	338	338	338	338	338	338	338	338	338	341	
[FOLD6]:	338	338	338	338	338	338	338	338	338	341	
[FOLD7]:	338	338	338	338	338	338	338	338	338	341	
[FOLD8]:	338	338	338	338	338	338	338	338	338	342	
[FOLD9]:	338	338	338	338	338	338	338	338	338	342	
[FOLD10]:	338	338	338	338	338	338	338	338	338	342	
------------------------------------------------------------------------------------------------
Label error by iteration:
------------------------------------------------------------------------------------------------
[FOLD1]:	0	0	0	0	0	0	0	0	0	0	
[FOLD2]:	0	0	0	0	0	0	0	0	0	0	
[FOLD3]:	0	0	0	0	0	0	0	0	0	0	
[FOLD4]:	0	0	0	0	0	0	0	0	0	0	
[FOLD5]:	0	0	0	0	0	0	0	0	0	0	
[FOLD6]:	0	0	0	0	0	0	0	0	0	0	
[FOLD7]:	0	0	0	0	0	0	0	0	0	0	
[FOLD8]:	0	0	0	0	0	0	0	0	0	0	
[FOLD9]:	0	0	0	0	0	0	0	0	0	0	
[FOLD10]:	0	0	0	0	0	0	0	0	0	0	

