------------------------------------------------------------------------------------------------
@DATASET: abalone
@Folds  : 10
@STvers : ST_DWS_C_NEW_LABELLING
------------------------------------------------------------------------------------------------
		accura		error 		fmeasu		precis		recall		
------------------------------------------------------------------------------------------------
fold1:		21,2919%	78,7081%	 0,0830		 0,0765		 0,0906		
fold2:		21,7703%	78,2297%	 0,0947		 0,0806		 0,1147		
fold3:		21,5311%	78,4689%	 0,0991		 0,0991		 0,0990		
fold4:		21,0526%	78,9474%	 0,0833		 0,0844		 0,0822		
fold5:		22,4880%	77,5120%	 0,0893		 0,0930		 0,0859		
fold6:		21,7703%	78,2297%	 0,0938		 0,0890		 0,0992		
fold7:		24,8804%	75,1196%	 0,1003		 0,1037		 0,0971		
fold8:		22,0624%	77,9376%	 0,0947		 0,0984		 0,0912		
fold9:		23,0216%	76,9784%	 0,1034		 0,1019		 0,1049		
fold10:		23,0216%	76,9784%	 0,1113		 0,1097		 0,1130		

------------------------------------------------------------------------------------------------
AVERAG		22,2890%	77,7110%	 0,0953		 0,0936		 0,0978		
------------------------------------------------------------------------------------------------
------------------------------------------------------------------------------------------------
BEGIN: 	16/12/2021 08:29:40.407
END: 	16/12/2021 08:29:55.796

TIME ELAPSED:	15389
------------------------------------------------------------------------------------------------
------------------------------------------------------------------------------------------------
Labeled increment by iteration:
------------------------------------------------------------------------------------------------
[FOLD1]:	338	338	338	338	338	338	338	338	338	341	
[FOLD2]:	338	338	338	338	338	338	338	338	338	341	
[FOLD3]:	338	338	338	338	338	338	338	338	338	341	
[FOLD4]:	338	338	338	338	338	338	338	338	338	341	
[FOLD5]:	338	338	338	338	338	338	338	338	338	341	
[FOLD6]:	338	338	338	338	338	338	338	338	338	341	
[FOLD7]:	338	338	338	338	338	338	338	338	338	341	
[FOLD8]:	338	338	338	338	338	338	338	338	338	342	
[FOLD9]:	338	338	338	338	338	338	338	338	338	342	
[FOLD10]:	338	338	338	338	338	338	338	338	338	342	
------------------------------------------------------------------------------------------------
Label error by iteration:
------------------------------------------------------------------------------------------------
[FOLD1]:	0	0	0	0	0	0	0	0	0	0	
[FOLD2]:	0	0	0	0	0	0	0	0	0	0	
[FOLD3]:	0	0	0	0	0	0	0	0	0	0	
[FOLD4]:	0	0	0	0	0	0	0	0	0	0	
[FOLD5]:	0	0	0	0	0	0	0	0	0	0	
[FOLD6]:	0	0	0	0	0	0	0	0	0	0	
[FOLD7]:	0	0	0	0	0	0	0	0	0	0	
[FOLD8]:	0	0	0	0	0	0	0	0	0	0	
[FOLD9]:	0	0	0	0	0	0	0	0	0	0	
[FOLD10]:	0	0	0	0	0	0	0	0	0	0	

